       0.001            1    0.0675762     0.773623  -4.1925e-15 -3.51341e-16
       0.002     0.985104    0.0852475      0.76784  7.52073e-15 -6.97428e-16
       0.003     0.977262    0.0976682     0.764778 -1.25771e-14  1.73662e-16
       0.004     0.970435     0.107576     0.762101  8.55422e-15            0
       0.005     0.964249     0.115957     0.759669 -2.72617e-15 -6.90007e-16
       0.006     0.958522     0.123297      0.75741   5.0012e-15 -1.71989e-16
       0.007     0.953146     0.129871     0.755282 -1.31067e-14 -3.43011e-15
       0.008     0.948051     0.135854     0.753261  5.70704e-15  3.07884e-15
       0.009     0.943187     0.141366     0.751326  9.10742e-15 -2.55911e-15
        0.01     0.938521     0.146492     0.749465 -1.31164e-14  2.72295e-15
       0.011     0.934024     0.151292     0.747668  1.91514e-14  3.56531e-15
       0.012     0.929676     0.155816     0.745926 -3.39477e-14 -2.71009e-15
       0.013      0.92546     0.160102     0.744232  1.79934e-14 -3.37993e-16
       0.014     0.921363     0.164178     0.742583  1.34764e-14  -1.5176e-15
       0.015     0.917372     0.168069     0.740973 -3.01894e-14  3.36513e-16
       0.016     0.913479     0.171796     0.739399  2.24607e-14 -7.05176e-15
       0.017     0.909676     0.175375     0.737858  1.86452e-15  6.03176e-15
       0.018     0.905954     0.178821     0.736347 -2.40312e-14  2.00647e-15
       0.019     0.902309     0.182145     0.734864   1.0919e-14 -6.00729e-15
        0.02     0.898734     0.185358     0.733407  2.18785e-14 -2.33154e-15
       0.021     0.895226      0.18847     0.731974 -1.81192e-14  1.66213e-15
       0.022     0.891779     0.191488     0.730564 -2.43177e-15  2.65428e-15
       0.023     0.888391     0.194419     0.729175 -1.10579e-14 -5.46405e-15
       0.024     0.885057      0.19727     0.727805  2.06149e-14  1.33866e-14
       0.025     0.881775     0.200045     0.726455 -3.05869e-14 -1.35267e-14
       0.026     0.878542     0.202751     0.725122 -5.30847e-15  9.05613e-15
       0.027     0.875356     0.205391     0.723806  8.00601e-15 -4.93074e-16
       0.028     0.872214     0.207969     0.722506  4.75712e-15 -1.18125e-14
       0.029     0.869115      0.21049     0.721221  2.22562e-14 -8.18855e-16
        0.03     0.866056     0.212956      0.71995  7.75272e-15  1.22612e-14
       0.031     0.863035      0.21537     0.718694 -5.37779e-15  1.79517e-15
       0.032     0.860051     0.217735      0.71745 -3.04479e-14 -4.07287e-15
       0.033     0.857103     0.220054     0.716219  3.22914e-14 -5.20433e-15
       0.034     0.854188     0.222329     0.715001  1.05348e-15  6.49434e-16
       0.035     0.851307     0.224561     0.713794 -4.94517e-14  1.00492e-14
       0.036     0.848456     0.226754     0.712598   5.2137e-14 -2.42719e-15
       0.037     0.845637     0.228909     0.711413 -2.81292e-14 -2.42316e-15
       0.038     0.842846     0.231028     0.710238   2.4335e-14  1.61277e-16
       0.039     0.840084     0.233112     0.709073 -6.50132e-15  8.37265e-15
        0.04     0.837349     0.235162     0.707918 -1.52111e-14 -1.25385e-14
       0.041      0.83464     0.237181     0.706772 -1.63261e-14   1.6049e-15
       0.042     0.831957     0.239169     0.705635  1.04418e-14  9.61392e-16
       0.043     0.829299     0.241128     0.704507   1.1525e-15  4.15937e-15
       0.044     0.826665     0.243058     0.703387  2.52496e-14 -1.43749e-15
       0.045     0.824054     0.244961     0.702276 -9.38401e-15 -7.33558e-15
       0.046     0.821466     0.246838     0.701172 -6.25341e-15  3.82124e-15
       0.047       0.8189      0.24869     0.700076  1.82365e-14 -8.58436e-15
       0.048     0.816356     0.250517     0.698987  8.59217e-15  1.22216e-14
       0.049     0.813832     0.252321     0.697906 -1.80167e-14 -1.74325e-14
        0.05     0.811329     0.254102     0.696832  3.31773e-15 -3.16466e-16
       0.051     0.808845     0.255861     0.695765 -2.49897e-14 -7.58355e-15
       0.052     0.806381     0.257599     0.694704 -2.07484e-14  4.57474e-14
       0.053     0.803935     0.259316      0.69365  4.50267e-14 -3.60699e-14
       0.054     0.801508     0.261014     0.692602 -4.96816e-14     1.73e-15
       0.055     0.799099     0.262692      0.69156  5.42153e-14  1.93154e-14
       0.056     0.796707     0.264352     0.690524 -2.13674e-14 -9.72164e-15
       0.057     0.794332     0.265993     0.689494  1.78403e-14  -1.4091e-15
       0.058     0.791974     0.267617      0.68847    -3.63e-14 -1.40701e-15
       0.059     0.789633     0.269223     0.687452  3.00227e-14 -5.61971e-15
        0.06     0.787307     0.270813     0.686439 -1.93371e-14  5.92317e-15
       0.061     0.784997     0.272387     0.685431   2.1545e-14 -9.80558e-15
       0.062     0.782702     0.273945     0.684428  1.84527e-14 -8.23707e-15
       0.063     0.780423     0.275488     0.683431 -5.32282e-14  1.70709e-14
       0.064     0.778158     0.277016     0.682438  3.27578e-14 -2.78936e-14
       0.065     0.775907      0.27853     0.681451 -2.61777e-14  1.34624e-14
       0.066     0.773671     0.280029     0.680468  3.82428e-14  4.43464e-14
       0.067     0.771448     0.281515      0.67949 -2.29689e-14 -1.24979e-14
       0.068     0.769239     0.282987     0.678516 -4.40439e-14 -2.46518e-14
       0.069     0.767043     0.284446     0.677547   4.9871e-14 -1.23083e-15
        0.07      0.76486     0.285892     0.676582 -1.89872e-14 -3.37997e-15
       0.071      0.76269     0.287326     0.675622  1.58816e-14 -6.29009e-15
       0.072     0.760533     0.288748     0.674666  -6.0658e-15  4.30491e-14
       0.073     0.758388     0.290157     0.673714   6.5071e-15 -2.52423e-14
       0.074     0.756256     0.291556     0.672766 -2.84246e-14 -5.65242e-15
       0.075     0.754135     0.292943     0.671822           -0  2.89852e-15
       0.076     0.752026     0.294318     0.670882  3.49436e-14 -3.50383e-15
       0.077     0.749928     0.295683     0.669946  1.26815e-14 -6.38937e-15
       0.078     0.747842     0.297037     0.669013 -3.32333e-14 -1.82299e-15
       0.079     0.745767     0.298381     0.668084  1.00862e-14  1.16813e-14
        0.08     0.743703     0.299715     0.667159 -1.07731e-14 -3.54498e-14
       0.081      0.74165     0.301039     0.666238  5.94552e-15  4.35703e-14
       0.082     0.739608     0.302353      0.66532 -2.28377e-14  1.02733e-14
       0.083     0.737576     0.303658     0.664405 -2.55288e-14 -3.04757e-14
       0.084     0.735555     0.304953     0.663494  6.64091e-14  3.29951e-14
       0.085     0.733543     0.306239     0.662586 -1.43018e-14            0
       0.086     0.731542     0.307516     0.661682  2.04703e-14 -5.21372e-14
       0.087      0.72955     0.308784     0.660781 -3.69839e-14  4.78649e-14
       0.088     0.727569     0.310044     0.659883  4.37611e-14 -1.42351e-14
       0.089     0.725597     0.311295     0.658988 -4.90543e-14  1.04748e-15
        0.09     0.723634     0.312538     0.658096  2.88627e-14 -1.64381e-14
       0.091     0.721681     0.313772     0.657207  1.92957e-14  -1.2685e-14
       0.092     0.719736     0.314999     0.656321 -6.94764e-14  2.48887e-14
       0.093     0.717801     0.316218     0.655438  4.21048e-14 -2.79807e-14
       0.094     0.715875     0.317429     0.654558 -1.11967e-14  3.64152e-14
       0.095     0.713958     0.318633     0.653681 -2.71539e-14 -2.37495e-15
       0.096     0.712049     0.319829     0.652807  2.14563e-14 -3.00919e-14
       0.097     0.710149     0.321018     0.651935 -7.10776e-15 -4.73722e-15
       0.098     0.708258       0.3222     0.651067 -6.90909e-15   -1.301e-14
       0.099     0.706375     0.323374       0.6502 -3.06498e-14  6.03864e-14
         0.1       0.7045     0.324542     0.649337 -3.71731e-15 -6.78261e-14
       0.101     0.702633     0.325703     0.648476  4.52681e-14  1.56088e-14
       0.102     0.700775     0.326857     0.647618 -2.12083e-14  5.11761e-14
       0.103     0.698924     0.328005     0.646762  4.51867e-14  4.11218e-15
       0.104     0.697082     0.329146     0.645909  6.49949e-15  1.87737e-14
       0.105     0.695247     0.330281     0.645058 -5.86228e-14 -3.32502e-14
       0.106     0.693419     0.331409      0.64421 -1.19165e-14  1.46284e-16
       0.107       0.6916     0.332532     0.643364  4.59489e-14 -2.62965e-14
       0.108     0.689787     0.333648     0.642521  -1.8383e-14  1.79457e-14
       0.109     0.687983     0.334758      0.64168  1.70104e-14  6.70263e-15
        0.11     0.686185     0.335863     0.640841 -2.84654e-14 -1.44064e-14
       0.111     0.684395     0.336961     0.640005  2.23775e-14  1.55502e-14
       0.112     0.682612     0.338054      0.63917  9.27977e-15 -1.13209e-14
       0.113     0.680836     0.339142     0.638338 -1.82654e-14  4.34852e-15
       0.114     0.679067     0.340224     0.637509  1.71066e-14  1.47657e-14
       0.115     0.677305       0.3413     0.636681  5.06555e-15 -2.15416e-14
       0.116      0.67555     0.342371     0.635856  1.73641e-15  3.81181e-14
       0.117     0.673802     0.343437     0.635032 -1.18282e-14 -4.26831e-14
       0.118     0.672061     0.344497     0.634211  -4.8369e-14   2.2034e-14
       0.119     0.670326     0.345553     0.633392  1.59334e-14 -1.65401e-14
        0.12     0.668597     0.346603     0.632575   6.2967e-16 -1.66624e-14
       0.121     0.666875     0.347648      0.63176  1.94667e-14 -2.94086e-14
       0.122      0.66516     0.348689     0.630947  4.28849e-14  6.13205e-14
       0.123     0.663451     0.349724     0.630136 -6.62212e-14 -4.83637e-14
       0.124     0.661748     0.350755     0.629327  6.65929e-14  6.30207e-14
       0.125     0.660052     0.351781     0.628519 -9.10825e-15 -2.05518e-14
       0.126     0.658361     0.352803     0.627714 -4.40331e-14  3.46367e-14
       0.127     0.656677      0.35382     0.626911  -1.3697e-14 -5.11057e-14
       0.128     0.654999     0.354832     0.626109   7.7679e-14  3.88134e-14
       0.129     0.653327      0.35584     0.625309 -8.51142e-14  -3.5072e-14
        0.13     0.651661     0.356843     0.624512  6.46499e-14  1.98535e-14
       0.131     0.650001     0.357843     0.623715 -4.16792e-14  -7.0815e-16
       0.132     0.648346     0.358837     0.622921  6.05021e-15 -3.32407e-14
       0.133     0.646698     0.359828     0.622129 -2.29654e-14  1.56809e-14
       0.134     0.645055     0.360814     0.621338  7.97303e-14 -1.34036e-14
       0.135     0.643417     0.361797     0.620549 -4.49198e-14 -2.67731e-15
       0.136     0.641786     0.362775     0.619762  1.48023e-14  1.60435e-14
       0.137      0.64016     0.363749     0.618976 -1.47189e-14  7.73046e-15
       0.138     0.638539      0.36472     0.618192 -7.92146e-15 -2.72329e-14
       0.139     0.636924     0.365686      0.61741  1.61657e-14  1.51414e-14
        0.14     0.635314     0.366649     0.616629 -3.37915e-15 -2.24033e-15
       0.141      0.63371     0.367607      0.61585  -4.7737e-14 -5.59376e-16
       0.142     0.632111     0.368562     0.615073  6.92577e-14   5.1677e-15
       0.143     0.630518     0.369513     0.614297  -3.1535e-14 -1.68784e-14
       0.144     0.628929     0.370461     0.613523  3.80757e-14   4.1934e-14
       0.145     0.627346     0.371405      0.61275 -5.88114e-14  1.26617e-14
       0.146     0.625768     0.372345     0.611979   2.0127e-14 -5.29456e-14
       0.147     0.624195     0.373282     0.611209 -4.30116e-14  1.95694e-14
       0.148     0.622627     0.374215     0.610441  1.83144e-14 -5.68325e-15
       0.149     0.621064     0.375145     0.609674  2.11567e-14 -6.09143e-15
        0.15     0.619506     0.376071     0.608909  2.45752e-14            0
       0.151     0.617953     0.376994     0.608146 -4.00611e-14 -3.09332e-14
       0.152     0.616405     0.377914     0.607383  2.95081e-15  5.69616e-14
       0.153     0.614862      0.37883     0.606623  2.93187e-14  1.77696e-14
       0.154     0.613324     0.379743     0.605863 -4.69431e-14 -1.32073e-14
       0.155      0.61179     0.380653     0.605105  7.65903e-15  1.88244e-14
       0.156     0.610261     0.381559     0.604349  5.52015e-14 -5.73631e-14
       0.157     0.608737     0.382463     0.603594 -8.09162e-14  4.85195e-14
       0.158     0.607218     0.383363      0.60284  1.71775e-14 -6.96769e-14
       0.159     0.605703      0.38426     0.602087   5.1546e-14  3.28125e-14
        0.16     0.604193     0.385154     0.601336 -6.04874e-14  1.91168e-14
       0.161     0.602687     0.386046     0.600587  7.78597e-14 -4.71868e-14
       0.162     0.601186     0.386934     0.599838  -2.2892e-14  2.81951e-14
       0.163     0.599689     0.387819     0.599091  1.67117e-14 -2.02697e-14
       0.164     0.598197     0.388701     0.598345 -8.43905e-14 -1.41304e-14
       0.165      0.59671      0.38958     0.597601  5.02874e-14  3.86745e-14
       0.166     0.595226     0.390457     0.596858 -2.62442e-14  5.65165e-14
       0.167     0.593747     0.391331     0.596116 -5.88186e-16 -6.32144e-14
       0.168     0.592273     0.392201     0.595375  7.37383e-15 -5.77281e-14
       0.169     0.590802      0.39307     0.594635 -1.81925e-14   3.5512e-14
        0.17     0.589336     0.393935     0.593897  7.86177e-14  1.25419e-14
       0.171     0.587874     0.394798      0.59316  1.19011e-14  3.15179e-14
       0.172     0.586417     0.395657     0.592424 -3.68503e-14 -8.60957e-14
       0.173     0.584963     0.396515      0.59169  -7.2266e-14  9.24382e-14
       0.174     0.583514     0.397369     0.590956  6.06185e-14 -8.31986e-15
       0.175     0.582069     0.398221     0.590224 -1.67024e-14 -4.39602e-14
       0.176     0.580628     0.399071     0.589493 -4.04406e-14 -1.09764e-14
       0.177     0.579191     0.399918     0.588763  5.72001e-14  5.25414e-14
       0.178     0.577758     0.400762     0.588034 -2.27622e-15  1.38869e-14
       0.179     0.576329     0.401604     0.587307 -6.10209e-14 -5.73459e-14
        0.18     0.574904     0.402443      0.58658  4.13534e-14  5.34122e-14
       0.181     0.573483      0.40328     0.585855 -4.97311e-14  -4.4566e-14
       0.182     0.572066     0.404115      0.58513  1.02346e-13  2.39163e-15
       0.183     0.570653     0.404947     0.584407 -2.13871e-14 -1.57918e-14
       0.184     0.569243     0.405777     0.583685 -6.83486e-14  8.21749e-14
       0.185     0.567838     0.406604     0.582964  8.04477e-15 -7.53222e-14
       0.186     0.566436     0.407429     0.582244  1.10606e-13  2.96157e-14
       0.187     0.565038     0.408252     0.581525 -7.27967e-14  3.06355e-14
       0.188     0.563644     0.409072     0.580808  1.23215e-14 -6.33056e-15
       0.189     0.562254      0.40989     0.580091 -4.86367e-14  8.03516e-15
        0.19     0.560868     0.410706     0.579375  6.64863e-14  2.01289e-14
       0.191     0.559485      0.41152      0.57866 -3.30175e-14 -6.17576e-14
       0.192     0.558106     0.412331     0.577947   2.1755e-14  4.10772e-14
       0.193      0.55673      0.41314     0.577234 -3.39835e-14 -6.04257e-14
       0.194     0.555358     0.413948     0.576522  3.18545e-14  2.51354e-14
       0.195      0.55399     0.414753     0.575812 -1.41419e-14  6.01461e-14
       0.196     0.552625     0.415555     0.575102  3.13849e-14  -1.7891e-14
       0.197     0.551264     0.416356     0.574394 -1.19798e-14 -3.49553e-14
       0.198     0.549907     0.417155     0.573686 -2.12996e-14 -2.76172e-14
       0.199     0.548553     0.417951     0.572979  2.08732e-15  9.75818e-15
         0.2     0.547202     0.418746     0.572273 -6.76109e-15  3.62557e-14
       0.201     0.545855     0.419538     0.571569 -5.58422e-14 -6.46348e-14
       0.202     0.544512     0.420329     0.570865  5.93837e-14  9.20366e-15
       0.203     0.543171     0.421117     0.570162 -2.92001e-15  3.10726e-15
       0.204     0.541835     0.421904      0.56946 -1.44747e-14  1.35775e-14
       0.205     0.540502     0.422688     0.568759 -2.67403e-14 -7.10329e-15
       0.206     0.539172     0.423471     0.568059  8.81073e-14  5.41765e-15
       0.207     0.537845     0.424252     0.567359 -4.21166e-14 -2.48648e-14
       0.208     0.536522     0.425031     0.566661 -5.12587e-14  5.18558e-14
       0.209     0.535202     0.425807     0.565964  8.89398e-15  5.52619e-15
        0.21     0.533886     0.426582     0.565267  4.12789e-14 -1.14239e-14
       0.211     0.532572     0.427356     0.564571  5.72726e-14  -6.7946e-14
       0.212     0.531262     0.428127     0.563877 -1.01223e-13  6.63258e-14
       0.213     0.529956     0.428896     0.563183  2.76143e-14   -9.975e-15
       0.214     0.528652     0.429664      0.56249  8.17136e-15 -6.09259e-14
       0.215     0.527352      0.43043     0.561798 -3.05928e-14  9.44018e-15
       0.216     0.526055     0.431194     0.561106  2.22887e-14   7.7722e-14
       0.217     0.524761     0.431957     0.560416  9.74371e-15 -3.20686e-14
       0.218      0.52347     0.432717     0.559726 -2.69449e-14 -4.02906e-14
       0.219     0.522182     0.433476     0.559037  -7.5967e-15  3.92255e-14
        0.22     0.520898     0.434233     0.558349  2.50454e-14  -1.7877e-14
       0.221     0.519616     0.434989     0.557662 -4.02035e-14  6.69878e-14
       0.222     0.518338     0.435743     0.556976  7.19288e-14 -8.06911e-14
       0.223     0.517063     0.436495      0.55629 -7.29542e-14  2.86745e-14
       0.224     0.515791     0.437245     0.555605  4.44243e-15  7.44367e-15
       0.225     0.514522     0.437994     0.554921 -1.45581e-14   2.8982e-15
       0.226     0.513256     0.438741     0.554238 -6.86721e-16  1.73678e-14
       0.227     0.511993     0.439487     0.553556  5.50684e-14  1.93576e-14
       0.228     0.510733     0.440231     0.552874 -4.86441e-14 -3.27669e-14
       0.229     0.509476     0.440973     0.552194  4.89321e-14  3.81183e-14
        0.23     0.508221     0.441714     0.551513  1.00522e-14 -3.18096e-14
       0.231      0.50697     0.442453     0.550834 -4.96841e-14  9.13088e-15
       0.232     0.505722      0.44319     0.550156  3.91789e-14 -2.92328e-14
       0.233     0.504477     0.443927     0.549478 -1.53591e-14   3.5685e-14
       0.234     0.503234     0.444661     0.548801  2.71162e-14 -1.49543e-14
       0.235     0.501995     0.445394     0.548125 -1.38527e-14 -3.42279e-14
       0.236     0.500758     0.446126     0.547449  -6.1515e-15 -6.99876e-14
       0.237     0.499525     0.446856     0.546774  2.48391e-14   6.6549e-14
       0.238     0.498294     0.447584       0.5461 -1.35959e-14  5.58025e-15
       0.239     0.497066     0.448312     0.545427 -8.84886e-15 -3.02201e-14
        0.24      0.49584     0.449037     0.544754 -7.27273e-15  5.49228e-14
       0.241     0.494618     0.449761     0.544082   8.8895e-16  3.05162e-14
       0.242     0.493398     0.450484     0.543411  4.24107e-14  2.01134e-14
       0.243     0.492181     0.451205     0.542741  -1.3931e-14 -3.46312e-14
       0.244     0.490967     0.451925     0.542071 -3.93818e-15 -3.96352e-14
       0.245     0.489756     0.452644     0.541402   1.2559e-15  3.34393e-14
       0.246     0.488547     0.453361     0.540733  -2.3916e-14  -4.1502e-14
       0.247     0.487341     0.454077     0.540065 -1.92841e-14  4.51298e-14
       0.248     0.486138     0.454791     0.539398  5.59956e-15 -4.76462e-14
       0.249     0.484938     0.455504     0.538732  1.33967e-14 -6.11662e-15
        0.25      0.48374     0.456216     0.538066  4.24574e-14  2.88348e-14
       0.251     0.482545     0.456926     0.537401 -7.20115e-14 -6.34557e-15
       0.252     0.481353     0.457635     0.536737  4.46519e-14  -3.5345e-15
       0.253     0.480163     0.458343     0.536073  1.11421e-14  1.32684e-14
       0.254     0.478976     0.459049      0.53541 -2.65441e-14  2.61393e-14
       0.255     0.477791     0.459755     0.534747  1.65121e-14 -1.89427e-14
       0.256     0.476609     0.460458     0.534086 -1.43421e-14 -3.43215e-14
       0.257      0.47543     0.461161     0.533424  1.84278e-14 -4.16678e-14
       0.258     0.474253     0.461862     0.532764 -2.97339e-14  1.76627e-14
       0.259     0.473079     0.462562     0.532104 -1.07351e-14  4.08397e-14
        0.26     0.471908     0.463261     0.531445  5.24943e-14 -3.72894e-14
       0.261     0.470739     0.463959     0.530786  -3.6064e-14  4.68854e-14
       0.262     0.469572     0.464655     0.530128  2.99945e-14 -1.88995e-14
       0.263     0.468408      0.46535     0.529471 -7.65495e-15 -1.97176e-14
       0.264     0.467247     0.466044     0.528814  -1.3472e-14  4.43096e-14
       0.265     0.466088     0.466736     0.528158   7.3131e-15  1.95488e-14
       0.266     0.464931     0.467428     0.527502 -1.12752e-14  3.46171e-14
       0.267     0.463778     0.468118     0.526847 -1.31827e-14 -4.57001e-14
       0.268     0.462626     0.468807     0.526193  3.28388e-14 -2.50919e-14
       0.269     0.461477     0.469495     0.525539  6.80881e-15   2.3748e-14
        0.27     0.460331     0.470182     0.524886 -3.27901e-14 -6.91292e-15
       0.271     0.459187     0.470868     0.524233 -1.06368e-14 -2.59507e-14
       0.272     0.458045     0.471552     0.523581  3.80694e-14  3.09119e-15
       0.273     0.456906     0.472236     0.522929 -1.64046e-14  3.03985e-14
       0.274     0.455769     0.472918     0.522278 -3.15408e-14 -5.40799e-14
       0.275     0.454635     0.473599     0.521628  4.59745e-15  3.71929e-14
       0.276     0.453503     0.474279     0.520978 -2.39956e-14 -3.99857e-14
       0.277     0.452373     0.474958     0.520329  1.65438e-14 -1.25243e-14
       0.278     0.451246     0.475636      0.51968  2.58318e-14 -1.23907e-14
       0.279     0.450121     0.476313     0.519032 -3.11018e-14  6.82404e-14
        0.28     0.448999     0.476988     0.518385  1.45188e-14 -4.50837e-14
       0.281     0.447879     0.477663     0.517738 -1.22213e-14  3.08021e-14
       0.282     0.446761     0.478336     0.517091  8.55329e-15 -5.28383e-15
       0.283     0.445645     0.479009     0.516445  5.84393e-15 -3.61197e-14
       0.284     0.444532      0.47968       0.5158 -1.05409e-14  6.96895e-14
       0.285     0.443421     0.480351     0.515155  -8.2155e-15  3.01805e-14
       0.286     0.442313      0.48102     0.514511  4.42987e-14 -2.00952e-14
       0.287     0.441206     0.481689     0.513867 -2.67127e-14 -7.51459e-14
       0.288     0.440102     0.482356     0.513224 -7.87288e-15  6.52625e-14
       0.289     0.439001     0.483022     0.512581  2.91896e-14  1.51312e-14
        0.29     0.437901     0.483688     0.511938 -2.49016e-14 -7.03302e-14
       0.291     0.436804     0.484352     0.511297  1.14862e-14 -1.41645e-14
       0.292     0.435709     0.485015     0.510655   -2.421e-14  1.27553e-14
       0.293     0.434616     0.485678     0.510015  2.92306e-14  6.99501e-14
       0.294     0.433526     0.486339     0.509374 -1.45455e-14 -7.96939e-14
       0.295     0.432438     0.486999     0.508735  3.81347e-14  7.45109e-14
       0.296     0.431352     0.487659     0.508096 -7.92253e-14   1.4422e-14
       0.297     0.430268     0.488317     0.507457  3.96929e-14 -5.60021e-14
       0.298     0.429186     0.488975     0.506819  2.28998e-14  5.06377e-14
       0.299     0.428107     0.489632     0.506181  1.20768e-14 -5.11487e-14
         0.3     0.427029     0.490287     0.505543 -5.52621e-14  -4.7296e-14
       0.301     0.425954     0.490942     0.504907   5.4565e-15  7.76191e-14
       0.302     0.424881     0.491596      0.50427  3.01723e-14 -7.23685e-14
       0.303      0.42381     0.492249     0.503634           -0  2.15002e-14
       0.304     0.422742     0.492901     0.502999  8.94568e-15  3.63215e-14
       0.305     0.421675     0.493552     0.502364 -2.56684e-14 -1.31185e-14
       0.306     0.420611     0.494202      0.50173 -2.04124e-14  2.17607e-14
       0.307     0.419548     0.494852     0.501096  4.54057e-14 -3.81184e-14
       0.308     0.418488       0.4955     0.500462  2.11085e-14 -5.20482e-14
       0.309      0.41743     0.496148     0.499829 -4.41489e-14  3.31416e-14
        0.31     0.416374     0.496795     0.499197  1.99578e-14  7.40208e-14
       0.311      0.41532      0.49744     0.498564 -3.23668e-14 -1.22495e-13
       0.312     0.414268     0.498086     0.497933 -3.71817e-15   7.4964e-14
       0.313     0.413219      0.49873     0.497301  4.16014e-14  3.55712e-14
       0.314     0.412171     0.499373     0.496671 -4.83195e-14 -4.36464e-14
       0.315     0.411125     0.500015      0.49604  8.31149e-15  8.01984e-14
       0.316     0.410082     0.500657      0.49541 -6.03765e-15  3.19486e-14
       0.317      0.40904     0.501298     0.494781  4.88131e-14 -1.12015e-13
       0.318     0.408001     0.501938     0.494152 -2.63354e-14  5.75634e-14
       0.319     0.406963     0.502577     0.493523  2.51303e-15 -9.89548e-14
        0.32     0.405928     0.503216     0.492895 -2.39203e-14 -5.92078e-14
       0.321     0.404895     0.503853     0.492267 -6.09683e-15 -3.80057e-14
       0.322     0.403863      0.50449     0.491639 -2.94902e-15  2.12561e-13
       0.323     0.402834     0.505126     0.491012  3.39795e-14 -8.94202e-14
       0.324     0.401806     0.505761     0.490386  6.97824e-15  1.52555e-13
       0.325     0.400781     0.506395      0.48976 -1.44072e-14 -2.63573e-13
       0.326     0.399757     0.507029     0.489134 -4.22438e-14  1.71492e-13
       0.327     0.398736     0.507662     0.488509  4.48775e-14 -1.41544e-13
       0.328     0.397716     0.508294     0.487884  4.19806e-14  5.36205e-14
       0.329     0.396699     0.508925     0.487259 -1.85753e-14  1.34543e-13
        0.33     0.395683     0.509556     0.486635 -4.44952e-14 -1.93379e-13
       0.331      0.39467     0.510186     0.486011  9.00182e-15  2.13438e-13
       0.332     0.393658     0.510815     0.485388  2.87751e-14 -2.64747e-13
       0.333     0.392648     0.511443     0.484765 -5.05602e-14  1.87353e-13
       0.334      0.39164     0.512071     0.484143  5.82014e-14 -8.90486e-14
       0.335     0.390634     0.512698      0.48352 -2.72124e-14  1.25386e-13
       0.336      0.38963     0.513324     0.482899 -1.42813e-14 -1.10531e-13
       0.337     0.388628     0.513949     0.482277  2.36305e-14  1.51128e-14
       0.338     0.387628     0.514574     0.481656 -5.77766e-14  1.16153e-13
       0.339      0.38663     0.515198     0.481036  2.39379e-14 -6.85971e-14
        0.34     0.385633     0.515821     0.480415  3.92452e-15   7.1345e-14
       0.341     0.384639     0.516444     0.479795  1.07036e-14 -8.04047e-14
       0.342     0.383646     0.517066     0.479176 -1.26935e-14 -5.67982e-14
       0.343     0.382655     0.517687     0.478557   3.1355e-14  1.47571e-13
       0.344     0.381666     0.518308     0.477938  -1.2302e-14  4.05893e-14
       0.345     0.380679     0.518927     0.477319  3.08128e-14 -2.39536e-13
       0.346     0.379694     0.519547     0.476701 -5.71107e-14 -2.77112e-14
       0.347      0.37871     0.520165     0.476084 -8.17397e-15  4.90804e-14
       0.348     0.377729     0.520783     0.475466  2.43465e-15  2.13773e-14
       0.349     0.376749       0.5214     0.474849  4.30186e-14 -8.30263e-14
        0.35     0.375771     0.522017     0.474233 -2.81032e-14  9.41178e-14
       0.351     0.374795     0.522633     0.473616 -1.24641e-14  2.88224e-14
       0.352     0.373821     0.523248        0.473 -2.22988e-14  2.23405e-14
       0.353     0.372849     0.523862     0.472385  -6.5904e-15  9.41801e-14
       0.354     0.371878     0.524476      0.47177  4.03992e-14 -1.35194e-13
       0.355     0.370909      0.52509     0.471155   1.1548e-14  3.14543e-14
       0.356     0.369942     0.525702      0.47054 -1.55008e-14  4.65856e-14
       0.357     0.368977     0.526314     0.469926  3.45475e-14  2.58234e-14
       0.358     0.368013     0.526926     0.469312 -4.62236e-15  1.47065e-14
       0.359     0.367052     0.527536     0.468698 -3.99838e-14 -2.98003e-14
        0.36     0.366092     0.528147     0.468085 -2.20656e-14  6.16484e-14
       0.361     0.365134     0.528756     0.467472  3.26492e-14 -1.69842e-13
       0.362     0.364177     0.529365     0.466859   2.6917e-14 -4.72814e-14
       0.363     0.363223     0.529974     0.466247 -5.12022e-15  2.51342e-13
       0.364      0.36227     0.530581     0.465635  2.38242e-14 -2.28174e-13
       0.365     0.361319     0.531188     0.465023 -3.87139e-14   4.7729e-14
       0.366     0.360369     0.531795     0.464412  3.56957e-14 -3.31133e-14
       0.367     0.359422     0.532401     0.463801 -7.55337e-14  5.79246e-14
       0.368     0.358476     0.533006      0.46319   4.0075e-14  1.69548e-13
       0.369     0.357532     0.533611      0.46258  1.19639e-14 -3.06928e-13
        0.37     0.356589     0.534216      0.46197  2.30494e-15  1.41408e-13
       0.371     0.355648     0.534819      0.46136  1.18921e-14  3.62481e-14
       0.372     0.354709     0.535422     0.460751   -1.735e-14  6.19379e-14
       0.373     0.353772     0.536025     0.460141  1.27465e-14 -1.16398e-13
       0.374     0.352836     0.536627     0.459533  1.74131e-15  8.55656e-15
       0.375     0.351902     0.537229     0.458924  -5.0822e-14  2.50104e-15
       0.376      0.35097     0.537829     0.458316  3.77486e-14 -8.86693e-14
       0.377     0.350039      0.53843     0.457708  1.35394e-14  1.25968e-13
       0.378     0.349111      0.53903       0.4571 -5.72955e-14  2.26275e-14
       0.379     0.348183     0.539629     0.456493 -1.54626e-14  5.82558e-14
        0.38     0.347258     0.540228     0.455885  4.60019e-14 -2.27744e-14
       0.381     0.346334     0.540826     0.455279 -4.70252e-16 -1.65618e-13
       0.382     0.345412     0.541424     0.454672  3.72168e-14  5.30677e-14
       0.383     0.344491     0.542021     0.454066 -4.16491e-14  1.59609e-13
       0.384     0.343572     0.542618      0.45346  4.21967e-14  2.05938e-15
       0.385     0.342655     0.543214     0.452854 -4.48774e-14 -2.56668e-13
       0.386     0.341739     0.543809     0.452248  2.79948e-14  1.13785e-13
       0.387     0.340825     0.544405     0.451643  1.22399e-14  8.34812e-14
       0.388     0.339913     0.544999     0.451038 -1.83332e-14 -1.00371e-13
       0.389     0.339002     0.545593     0.450434 -1.19259e-14  2.17861e-13
        0.39     0.338093     0.546187     0.449829 -3.63195e-14 -1.74872e-13
       0.391     0.337186      0.54678     0.449225  4.03339e-14  1.13841e-13
       0.392      0.33628     0.547373     0.448621 -5.23955e-14  -8.1904e-14
       0.393     0.335375     0.547965     0.448018  5.18882e-14  7.60967e-14
       0.394     0.334473     0.548557     0.447414  1.16715e-14 -6.19739e-14
       0.395     0.333572     0.549148     0.446811 -1.10895e-14 -7.20363e-14
       0.396     0.332672     0.549739     0.446209 -2.59618e-14  7.96397e-14
       0.397     0.331774     0.550329     0.445606  2.78223e-15 -1.51779e-14
       0.398     0.330878     0.550919     0.445004 -3.32035e-14 -2.78896e-14
       0.399     0.329983     0.551508     0.444402  7.55077e-14 -2.03036e-13
         0.4      0.32909     0.552097       0.4438 -8.03839e-14  1.20729e-13
       0.401     0.328199     0.552685     0.443198  4.12984e-14  5.65592e-14
       0.402     0.327309     0.553273     0.442597  3.90525e-15 -1.96985e-14
       0.403      0.32642     0.553861     0.441996  3.00745e-14  4.61684e-14
       0.404     0.325533     0.554448     0.441395   -7.042e-14  4.61057e-14
       0.405     0.324648     0.555035     0.440794  6.40415e-14 -1.73362e-13
       0.406     0.323764     0.555621     0.440194 -4.05572e-14  3.79837e-15
       0.407     0.322882     0.556207     0.439594  2.40077e-14  1.27771e-14
       0.408     0.322002     0.556792     0.438994  3.82331e-14  1.95182e-13
       0.409     0.321123     0.557377     0.438394 -6.57279e-14 -2.61414e-13
        0.41     0.320245     0.557961     0.437795 -1.11389e-15  7.21733e-14
       0.411     0.319369     0.558545     0.437196  1.16543e-14  4.62627e-14
       0.412     0.318495     0.559129     0.436597 -4.29727e-14   1.2908e-13
       0.413     0.317622     0.559712     0.435998  1.99065e-15 -1.76821e-13
       0.414      0.31675     0.560295       0.4354  1.19648e-14  5.51685e-14
       0.415      0.31588     0.560877     0.434801  4.08261e-14  -1.6982e-14
       0.416     0.315012     0.561459     0.434203 -1.43828e-14  2.99734e-14
       0.417     0.314145     0.562041     0.433605  2.04216e-14 -1.01612e-13
       0.418      0.31328     0.562622     0.433008  -1.7696e-14  2.20838e-13
       0.419     0.312416     0.563203      0.43241 -1.63439e-15 -2.07769e-13
        0.42     0.311553     0.563783     0.431813 -6.04515e-15 -3.15733e-14
       0.421     0.310692     0.564363     0.431216 -7.69571e-15  9.90933e-14
       0.422     0.309833     0.564943     0.430619  5.30788e-15  1.28291e-13
       0.423     0.308975     0.565522     0.430023  1.27863e-14  8.43673e-14
       0.424     0.308119     0.566101     0.429426 -1.33157e-14   -1.254e-13
       0.425     0.307264      0.56668      0.42883  2.04528e-14 -1.27953e-13
       0.426      0.30641     0.567258     0.428234 -1.81976e-14 -5.63999e-15
       0.427     0.305558     0.567835     0.427638 -1.60619e-14  1.82171e-13
       0.428     0.304708     0.568413     0.427043 -1.04711e-14 -1.84244e-13
       0.429     0.303859      0.56899     0.426447 -1.11287e-14  1.25886e-14
        0.43     0.303011     0.569566     0.425852  7.43194e-14  1.74061e-15
       0.431     0.302165     0.570142     0.425257 -1.96387e-14  2.89696e-15
       0.432      0.30132     0.570718     0.424662  4.43597e-14  1.19573e-13
       0.433     0.300477     0.571294     0.424068 -9.26073e-14 -2.18782e-13
       0.434     0.299635     0.571869     0.423473  3.45778e-14  8.36593e-14
       0.435     0.298795     0.572444     0.422879 -3.02429e-14  9.21842e-15
       0.436     0.297956     0.573018     0.422285  1.63126e-14  1.32137e-13
       0.437     0.297119     0.573593     0.421691   4.7725e-14 -3.92597e-14
       0.438     0.296283     0.574166     0.421098 -4.24806e-14  -1.0327e-13
       0.439     0.295448      0.57474     0.420504  2.18623e-14  4.23957e-14
        0.44     0.294615     0.575313     0.419911 -2.09873e-14  -1.1404e-13
       0.441     0.293783     0.575886     0.419318  2.52017e-14  3.38971e-14
       0.442     0.292953     0.576458     0.418725 -1.56963e-14  1.67154e-13
       0.443     0.292124      0.57703     0.418132 -2.62052e-16 -2.19708e-13
       0.444     0.291297     0.577602     0.417539 -5.87999e-14  1.69146e-13
       0.445     0.290471     0.578174     0.416947  5.37728e-14 -7.57425e-15
       0.446     0.289646     0.578745     0.416355  6.01861e-14  6.03188e-14
       0.447     0.288823     0.579316     0.415762 -1.80734e-14  3.96518e-15
       0.448     0.288001     0.579886      0.41517 -5.97307e-14 -1.61775e-13
       0.449      0.28718     0.580457     0.414579  8.20711e-15   1.0186e-13
        0.45     0.286361     0.581027     0.413987  3.48733e-14  2.08693e-14
       0.451     0.285544     0.581596     0.413396 -5.93722e-14 -1.12646e-15
       0.452     0.284727     0.582166     0.412804 -1.37041e-14 -4.76186e-14
       0.453     0.283912     0.582735     0.412213  1.53267e-14 -4.90481e-14
       0.454     0.283099     0.583303     0.411622   3.1106e-14  1.25996e-13
       0.455     0.282287     0.583872     0.411031  1.35066e-14 -1.00242e-13
       0.456     0.281476      0.58444     0.410441 -1.60747e-15  2.98242e-14
       0.457     0.280667     0.585008      0.40985 -7.48739e-14  4.09493e-15
       0.458     0.279859     0.585576      0.40926  2.70164e-14  2.04638e-13
       0.459     0.279052     0.586143      0.40867   3.1236e-14  -3.2628e-13
        0.46     0.278247      0.58671     0.408079  5.39463e-15    5.912e-14
       0.461     0.277443     0.587277      0.40749  3.78263e-15  8.36477e-14
       0.462      0.27664     0.587843       0.4069 -1.47501e-14 -5.67315e-14
       0.463     0.275839     0.588409      0.40631 -5.96425e-15 -1.07947e-13
       0.464     0.275039     0.588975     0.405721  4.44001e-14  1.98261e-13
       0.465     0.274241     0.589541     0.405131 -8.13336e-14  6.07167e-15
       0.466     0.273444     0.590106     0.404542  7.42502e-14 -8.50635e-14
       0.467     0.272648     0.590672     0.403953 -4.51712e-14  1.33922e-14
       0.468     0.271853     0.591237     0.403364 -2.06415e-14  8.06025e-14
       0.469      0.27106     0.591801     0.402775  3.36846e-14 -1.32617e-13
        0.47     0.270268     0.592366     0.402186  4.62229e-14  1.57447e-13
       0.471     0.269478      0.59293     0.401598 -1.93721e-14   3.0276e-14
       0.472     0.268689     0.593494     0.401009 -2.97264e-14 -8.70525e-14
       0.473     0.267901     0.594057     0.400421  9.64975e-15   -1.022e-13
       0.474     0.267115     0.594621     0.399833 -1.40847e-14 -3.61352e-14
       0.475     0.266329     0.595184     0.399245  5.11775e-14  9.68232e-14
       0.476     0.265545     0.595747     0.398657 -7.70337e-14  1.13518e-13
       0.477     0.264763      0.59631     0.398069  8.34083e-14 -2.86541e-13
       0.478     0.263982     0.596872     0.397481 -7.56244e-14  1.29971e-13
       0.479     0.263202     0.597435     0.396894  5.27753e-14  1.28878e-13
        0.48     0.262423     0.597997     0.396306 -1.79932e-14 -8.99911e-16
       0.481     0.261646     0.598558     0.395719 -1.49496e-14 -1.36584e-14
       0.482      0.26087      0.59912     0.395131 -2.91097e-14  9.43901e-14
       0.483     0.260095     0.599681     0.394544  3.25229e-14 -1.65923e-13
       0.484     0.259322     0.600243     0.393957  2.62584e-14  1.73548e-14
       0.485      0.25855     0.600803      0.39337  3.24912e-14 -9.12896e-14
       0.486     0.257779     0.601364     0.392784  -8.9606e-14  8.41965e-14
       0.487     0.257009     0.601925     0.392197  3.83861e-14 -2.60049e-14
       0.488     0.256241     0.602485      0.39161  3.50576e-14  5.74454e-14
       0.489     0.255474     0.603045     0.391024 -8.84986e-14 -1.14364e-13
        0.49     0.254708     0.603605     0.390437  1.70201e-15  1.97886e-13
       0.491     0.253944     0.604165     0.389851  6.73418e-14  6.01972e-14
       0.492     0.253181     0.604724     0.389265 -7.30042e-14 -1.41428e-13
       0.493     0.252419     0.605284     0.388679  7.64046e-14 -9.17895e-14
       0.494     0.251658     0.605843     0.388093  -3.6981e-14 -7.63171e-14
       0.495     0.250899     0.606402     0.387507 -2.83183e-14   2.3107e-13
       0.496     0.250141     0.606961     0.386921  4.16888e-14 -1.44442e-13
       0.497     0.249384     0.607519     0.386335 -2.86999e-15  4.26353e-14
       0.498     0.248629     0.608078     0.385749  4.74337e-15 -6.67466e-14
       0.499     0.247874     0.608636     0.385164 -2.89395e-14  1.38363e-13
         0.5     0.247121     0.609194     0.384578 -8.65306e-16 -7.64993e-14
       0.501      0.24637     0.609752     0.383993   4.2615e-14 -1.10215e-13
       0.502     0.245619      0.61031     0.383408 -3.54511e-14  2.03377e-13
       0.503      0.24487     0.610867     0.382822  2.81182e-14 -1.03967e-13
       0.504     0.244122     0.611425     0.382237 -3.41173e-14  6.11047e-14
       0.505     0.243375     0.611982     0.381652  3.35924e-14  8.87435e-14
       0.506     0.242629     0.612539     0.381067 -1.31097e-14 -1.92963e-13
       0.507     0.241885     0.613096     0.380482 -2.50957e-14  2.17723e-13
       0.508     0.241142     0.613653     0.379897  3.71216e-14  1.15595e-14
       0.509       0.2404     0.614209     0.379312 -1.30288e-14   -1.826e-13
        0.51     0.239659     0.614766     0.378728 -2.93268e-14  1.41383e-13
       0.511      0.23892     0.615322     0.378143  3.62787e-14 -2.07797e-13
       0.512     0.238182     0.615878     0.377558 -1.91258e-15  5.31551e-14
       0.513     0.237445     0.616434     0.376974   -2.461e-14  3.37269e-14
       0.514     0.236709      0.61699     0.376389 -2.06654e-15  7.52123e-15
       0.515     0.235975     0.617546     0.375805  2.35089e-14 -1.44388e-13
       0.516     0.235241     0.618102      0.37522   2.6658e-15  2.49815e-13
       0.517     0.234509     0.618657     0.374636 -4.45037e-16 -2.39728e-13
       0.518     0.233778     0.619212     0.374052  1.41162e-14  1.84994e-13
       0.519     0.233049     0.619768     0.373468  -2.1135e-14 -8.05648e-14
        0.52      0.23232     0.620323     0.372884  9.09416e-15  2.21842e-14
       0.521     0.231593     0.620878       0.3723 -1.41865e-14 -4.86949e-14
       0.522     0.230867     0.621433     0.371715  1.64537e-15  9.97693e-14
       0.523     0.230142     0.621987     0.371132 -1.96273e-14 -1.07534e-13
       0.524     0.229419     0.622542     0.370548  2.56628e-14  1.40181e-13
       0.525     0.228696     0.623096     0.369964 -7.36586e-15 -2.36234e-13
       0.526     0.227975     0.623651      0.36938  9.03435e-15  1.26654e-13
       0.527     0.227255     0.624205     0.368796  5.12794e-15 -1.25951e-13
       0.528     0.226536     0.624759     0.368212 -2.40204e-14  2.01337e-13
       0.529     0.225818     0.625313     0.367629  1.37703e-14  -7.6133e-14
        0.53     0.225102     0.625867     0.367045  4.24401e-15  4.11732e-14
       0.531     0.224387     0.626421     0.366461 -3.12755e-14  1.73085e-14
       0.532     0.223672     0.626975     0.365878  2.43318e-15  1.09834e-13
       0.533     0.222959     0.627529     0.365294 -4.56977e-16 -1.61253e-13
       0.534     0.222248     0.628082     0.364711  3.26516e-14 -1.27869e-13
       0.535     0.221537     0.628636     0.364127   1.5283e-16  2.82945e-13
       0.536     0.220828     0.629189     0.363544  1.37774e-14 -1.53711e-13
       0.537     0.220119     0.629742      0.36296  -2.2847e-14 -3.23083e-14
       0.538     0.219412     0.630296     0.362377  2.79532e-14   1.6375e-13
       0.539     0.218706     0.630849     0.361793 -1.32305e-14 -8.77406e-14
        0.54     0.218002     0.631402      0.36121 -1.37147e-14 -4.24872e-14
       0.541     0.217298     0.631955     0.360627 -8.02632e-15 -6.99334e-14
       0.542     0.216596     0.632508     0.360043  1.45331e-14 -1.73324e-14
       0.543     0.215894     0.633061      0.35946 -1.03758e-14   2.9548e-13
       0.544     0.215194     0.633614     0.358877 -4.65357e-16 -1.93299e-13
       0.545     0.214495     0.634166     0.358293  5.74889e-15  1.01374e-13
       0.546     0.213798     0.634719      0.35771  2.80138e-15 -6.49815e-15
       0.547     0.213101     0.635272     0.357127 -1.32506e-14 -5.72527e-14
       0.548     0.212405     0.635824     0.356543  1.60831e-14 -7.44851e-14
       0.549     0.211711     0.636377      0.35596  1.45457e-14  3.83132e-14
        0.55     0.211018     0.636929     0.355377 -2.81994e-14  6.89154e-14
       0.551     0.210326     0.637482     0.354794  2.90306e-14  -4.2377e-14
       0.552     0.209635     0.638034     0.354211 -2.29485e-14 -1.93681e-13
       0.553     0.208945     0.638586     0.353627 -1.59016e-14 -5.28373e-14
       0.554     0.208257     0.639139     0.353044  3.46943e-14  3.19868e-13
       0.555     0.207569     0.639691     0.352461 -3.01708e-14  -8.9319e-14
       0.556     0.206883     0.640243     0.351878 -1.89868e-15   9.4285e-15
       0.557     0.206197     0.640795     0.351294  1.45806e-14  5.40841e-14
       0.558     0.205513     0.641347     0.350711  6.34986e-16 -7.31074e-14
       0.559      0.20483     0.641899     0.350128 -1.11306e-15 -3.18021e-16
        0.56     0.204148     0.642451     0.349545 -3.21729e-14  6.50857e-15
       0.561     0.203468     0.643003     0.348961 -2.07395e-15  8.87492e-14
       0.562     0.202788     0.643555     0.348378    2.381e-14 -6.78746e-14
       0.563      0.20211     0.644107     0.347795  7.68301e-15 -1.64269e-14
       0.564     0.201432     0.644659     0.347212  -5.2908e-15 -4.30483e-14
       0.565     0.200756     0.645211     0.346628 -2.81037e-14 -2.01499e-14
       0.566     0.200081     0.645763     0.346045   3.0563e-14  -7.5435e-14
       0.567     0.199407     0.646315     0.345462 -2.15906e-14 -3.76539e-15
       0.568     0.198734     0.646867     0.344878   1.6946e-14  7.69035e-14
       0.569     0.198062     0.647419     0.344295  2.95833e-14  1.61209e-13
        0.57     0.197392     0.647971     0.343711 -5.18158e-14 -2.90027e-13
       0.571     0.196722     0.648523     0.343128  2.43288e-15  3.31609e-13
       0.572     0.196054     0.649075     0.342544  2.22571e-14 -2.12659e-13
       0.573     0.195386     0.649626     0.341961   2.7664e-14  2.22081e-14
       0.574      0.19472     0.650178     0.341377 -6.96004e-14  6.85261e-14
       0.575     0.194055      0.65073     0.340794  3.91844e-14 -7.80048e-14
       0.576     0.193391     0.651282      0.34021 -2.28954e-15  1.41064e-13
       0.577     0.192728     0.651834     0.339627 -1.55619e-14  7.72749e-14
       0.578     0.192066     0.652386     0.339043   1.4275e-14 -3.46446e-14
       0.579     0.191405     0.652938     0.338459  3.15556e-14 -1.40646e-13
        0.58     0.190745      0.65349     0.337875 -4.57655e-14  3.31443e-14
       0.581     0.190087     0.654042     0.337292 -1.30268e-14 -1.68499e-13
       0.582     0.189429     0.654594     0.336708  5.78095e-15  1.84875e-13
       0.583     0.188773     0.655146     0.336124 -9.92661e-15 -1.60588e-13
       0.584     0.188118     0.655698      0.33554  9.61162e-15  1.23585e-13
       0.585     0.187463      0.65625     0.334956 -8.29961e-15  1.13329e-13
       0.586      0.18681     0.656802     0.334372  5.32056e-15 -1.03869e-13
       0.587     0.186158     0.657355     0.333788  1.64878e-14  1.98582e-14
       0.588     0.185507     0.657907     0.333204  4.67094e-15 -9.53343e-14
       0.589     0.184857     0.658459      0.33262 -1.67096e-15  1.58612e-13
        0.59     0.184208     0.659011     0.332035  2.71144e-14 -1.11587e-13
       0.591      0.18356     0.659564     0.331451 -3.05124e-14 -3.16109e-15
       0.592     0.182914     0.660116     0.330867 -1.76325e-14 -6.35612e-14
       0.593     0.182268     0.660669     0.330282 -1.24474e-14  2.04897e-13
       0.594     0.181624     0.661221     0.329698  6.48675e-14 -6.30372e-14
       0.595      0.18098     0.661774     0.329113 -3.56098e-14 -2.12242e-14
       0.596     0.180338     0.662326     0.328528  2.53571e-14 -7.98225e-14
       0.597     0.179696     0.662879     0.327944 -2.35366e-14  6.10635e-14
       0.598     0.179056     0.663432     0.327359 -2.71375e-15  3.27074e-14
       0.599     0.178417     0.663985     0.326774  1.51203e-14  3.60622e-14
         0.6     0.177779     0.664538     0.326189 -2.55261e-15  -1.8384e-13
       0.601     0.177141      0.66509     0.325604  -2.9489e-14  8.54706e-14
       0.602     0.176505     0.665644     0.325019  1.07566e-14  1.02292e-13
       0.603      0.17587     0.666197     0.324434  3.09554e-14 -3.56566e-14
       0.604     0.175236      0.66675     0.323849  1.19916e-15  4.01517e-14
       0.605     0.174604     0.667303     0.323263 -2.48812e-14 -3.58216e-14
       0.606     0.173972     0.667857     0.322678  1.51255e-14 -8.38231e-14
       0.607     0.173341      0.66841     0.322092  -1.4462e-14  2.23805e-14
       0.608     0.172711     0.668964     0.321507  7.24304e-15 -1.43822e-13
       0.609     0.172083     0.669517     0.320921  1.96925e-14  1.14848e-13
        0.61     0.171455     0.670071     0.320335 -2.26668e-14 -2.42952e-14
       0.611     0.170828     0.670625     0.319749 -3.06772e-14  1.33306e-13
       0.612     0.170203     0.671179     0.319163   3.0034e-14 -1.16248e-13
       0.613     0.169578     0.671733     0.318577  1.63463e-14 -5.55578e-14
       0.614     0.168955     0.672287     0.317991 -3.67535e-14  8.15947e-14
       0.615     0.168332     0.672841     0.317405 -1.15155e-14    9.658e-15
       0.616     0.167711     0.673395     0.316818  3.39053e-14  6.82005e-14
       0.617     0.167091      0.67395     0.316232 -2.17076e-14 -1.66739e-13
       0.618     0.166471     0.674505     0.315645  1.45544e-14  5.31829e-14
       0.619     0.165853     0.675059     0.315059  2.84549e-14  -1.3364e-13
        0.62     0.165236     0.675614     0.314472 -5.80608e-14 -1.72809e-14
       0.621     0.164619     0.676169     0.313885  2.22058e-14  1.99428e-13
       0.622     0.164004     0.676724     0.313298   1.4299e-14 -6.67312e-14
       0.623      0.16339     0.677279     0.312711 -1.67986e-14  -2.4285e-14
       0.624     0.162777     0.677835     0.312123 -5.66795e-15  1.60178e-14
       0.625     0.162165      0.67839     0.311536 -8.87103e-15  9.30964e-14
       0.626     0.161554     0.678946     0.310948  2.91458e-14 -7.04673e-14
       0.627     0.160944     0.679502     0.310361 -3.98757e-14   1.3644e-13
       0.628     0.160335     0.680058     0.309773 -7.48924e-15 -6.02124e-14
       0.629     0.159727     0.680614     0.309185 -2.14338e-15 -1.25672e-13
        0.63      0.15912      0.68117     0.308597  -7.1566e-15  1.35384e-13
       0.631     0.158514     0.681726     0.308009  6.45177e-14   -7.106e-14
       0.632     0.157909     0.682283      0.30742  1.25662e-15  3.37868e-14
       0.633     0.157305     0.682839     0.306832 -1.92407e-14   3.2886e-14
       0.634     0.156702     0.683396     0.306243  2.59376e-14 -9.61044e-14
       0.635       0.1561     0.683953     0.305655 -4.33021e-15 -5.55251e-16
       0.636     0.155499      0.68451     0.305066 -3.39771e-14 -5.11233e-14
       0.637     0.154899     0.685068     0.304477 -1.91896e-14  1.65933e-14
       0.638       0.1543     0.685625     0.303887   3.0465e-14  1.64646e-13
       0.639     0.153702     0.686183     0.303298  1.52582e-14  7.98908e-15
        0.64     0.153105     0.686741     0.302709 -2.87484e-14 -1.98651e-13
       0.641     0.152509     0.687299     0.302119 -2.24179e-14  1.84132e-13
       0.642     0.151915     0.687857     0.301529  1.55182e-14 -6.50462e-14
       0.643     0.151321     0.688416     0.300939  6.76642e-15  1.05237e-14
       0.644     0.150728     0.688974     0.300349  1.02584e-14  -1.0694e-13
       0.645     0.150136     0.689533     0.299759  1.55971e-14  6.90206e-14
       0.646     0.149545     0.690092     0.299168 -3.49233e-14 -9.51071e-15
       0.647     0.148955     0.690651     0.298578  1.28883e-15  1.09157e-13
       0.648     0.148366     0.691211     0.297987  3.57795e-14 -1.03393e-13
       0.649     0.147779      0.69177     0.297396 -1.77353e-14 -1.54376e-13
        0.65     0.147192      0.69233     0.296805 -4.71895e-14  1.62157e-13
       0.651     0.146606      0.69289     0.296214  5.30161e-14  1.02508e-13
       0.652     0.146021      0.69345     0.295622 -2.43249e-14 -4.79297e-14
       0.653     0.145437     0.694011     0.295031 -2.71563e-14 -2.85395e-14
       0.654     0.144854     0.694571     0.294439  3.31647e-14 -8.37083e-14
       0.655     0.144272     0.695132     0.293847  -1.1758e-14  2.05914e-13
       0.656     0.143691     0.695693     0.293255  3.36516e-14 -1.14003e-13
       0.657     0.143111     0.696255     0.292662  1.87272e-14 -8.02791e-14
       0.658     0.142532     0.696816      0.29207 -1.96971e-14 -4.24459e-15
       0.659     0.141954     0.697378     0.291477 -6.20108e-15 -2.70043e-14
        0.66     0.141377      0.69794     0.290884  -4.2917e-14  1.63546e-13
       0.661     0.140802     0.698503     0.290291  4.71385e-15 -1.60048e-13
       0.662     0.140226     0.699065     0.289697  2.26652e-14  2.06953e-13
       0.663     0.139652     0.699628     0.289104  4.72999e-14 -8.04847e-14
       0.664     0.139079     0.700191      0.28851 -1.06133e-14 -9.11946e-14
       0.665     0.138507     0.700754     0.287916 -6.81556e-14  1.97443e-14
       0.666     0.137936     0.701318     0.287322  7.41678e-15 -1.13002e-13
       0.667     0.137366     0.701882     0.286728  1.31445e-14  3.46378e-14
       0.668     0.136797     0.702446     0.286133  2.91966e-14  8.23865e-14
       0.669     0.136229      0.70301     0.285538 -2.54236e-14 -1.05038e-14
        0.67     0.135662     0.703575     0.284943  4.40412e-15 -6.58681e-14
       0.671     0.135095      0.70414     0.284348  3.64445e-15  1.46828e-13
       0.672      0.13453     0.704705     0.283752  -5.7643e-16 -7.34536e-14
       0.673     0.133966      0.70527     0.283157 -7.69897e-15  3.83215e-14
       0.674     0.133403     0.705836     0.282561  4.33814e-14   5.0175e-14
       0.675      0.13284     0.706402     0.281965 -5.71691e-14 -9.11745e-14
       0.676     0.132279     0.706968     0.281368  1.21888e-14  7.53921e-15
       0.677     0.131719     0.707535     0.280772 -2.84896e-14  8.07153e-14
       0.678     0.131159     0.708102     0.280175  5.82425e-15  1.43783e-14
       0.679     0.130601     0.708669     0.279578  2.29484e-14  5.11689e-14
        0.68     0.130043     0.709237      0.27898 -7.59777e-15   2.9014e-14
       0.681     0.129487     0.709804     0.278383  4.21529e-14 -2.25926e-13
       0.682     0.128931     0.710373     0.277785 -2.85416e-14  1.35996e-13
       0.683     0.128377     0.710941     0.277187 -1.50789e-14 -7.84259e-14
       0.684     0.127823      0.71151     0.276588  2.58945e-14 -6.59466e-14
       0.685      0.12727     0.712079      0.27599  9.03952e-15  1.23335e-13
       0.686     0.126718     0.712648     0.275391 -3.36619e-14 -4.47746e-14
       0.687     0.126168     0.713218     0.274792 -2.07056e-14  1.38524e-14
       0.688     0.125618     0.713788     0.274192  4.34588e-14  1.70225e-13
       0.689     0.125069     0.714359     0.273593 -1.20709e-14 -1.05863e-13
        0.69     0.124521     0.714929     0.272993 -1.78407e-15 -2.14609e-13
       0.691     0.123974       0.7155     0.272393  7.94305e-16  5.28229e-14
       0.692     0.123428     0.716072     0.271792  2.36719e-14  3.74006e-14
       0.693     0.122883     0.716644     0.271191 -4.06514e-14   6.5645e-14
       0.694     0.122339     0.717216      0.27059  2.53518e-14  1.48695e-14
       0.695     0.121796     0.717788     0.269989 -1.29981e-14 -5.29698e-14
       0.696     0.121254     0.718361     0.269387  2.34377e-14 -1.47545e-13
       0.697     0.120713     0.718935     0.268786 -2.86963e-14  2.42185e-13
       0.698     0.120172     0.719508     0.268183  7.23695e-15  3.28847e-14
       0.699     0.119633     0.720082     0.267581 -6.84693e-15 -1.06818e-13
         0.7     0.119095     0.720657     0.266978  3.20759e-14 -7.88112e-15
       0.701     0.118557     0.721231     0.266375 -1.69756e-14  1.38636e-13
       0.702     0.118021     0.721807     0.265772  -7.2881e-15 -6.17984e-14
       0.703     0.117485     0.722382     0.265168  9.12622e-15 -2.52654e-13
       0.704      0.11695     0.722958     0.264564 -1.30025e-14  1.40938e-13
       0.705     0.116417     0.723534      0.26396 -3.66341e-15 -5.04683e-14
       0.706     0.115884     0.724111     0.263355 -1.83495e-15  7.78613e-14
       0.707     0.115352     0.724688      0.26275  1.32759e-14 -1.39614e-13
       0.708     0.114821     0.725266     0.262145  1.06396e-14  6.71459e-14
       0.709     0.114292     0.725844     0.261539 -2.86959e-15  1.91589e-13
        0.71     0.113763     0.726422     0.260933  -3.6139e-14 -2.53596e-14
       0.711     0.113235     0.727001     0.260327  4.50485e-14 -1.14089e-13
       0.712     0.112708      0.72758      0.25972 -3.70921e-15  7.90278e-14
       0.713     0.112181      0.72816     0.259114 -1.69277e-14  -9.7789e-14
       0.714     0.111656      0.72874     0.258506  1.53035e-14 -2.33627e-14
       0.715     0.111132     0.729321     0.257899  -3.1076e-14  1.48865e-13
       0.716     0.110609     0.729902     0.257291  2.53204e-14 -1.75506e-13
       0.717     0.110086     0.730483     0.256682 -1.24749e-14  1.10161e-13
       0.718     0.109565     0.731065     0.256074  9.16469e-15  9.10596e-14
       0.719     0.109044     0.731647     0.255465 -6.05121e-15 -1.80758e-13
        0.72     0.108525      0.73223     0.254855 -8.98861e-15  1.56947e-13
       0.721     0.108006     0.732814     0.254246 -1.15177e-14 -4.93038e-14
       0.722     0.107488     0.733397     0.253636 -4.19581e-16  4.33109e-14
       0.723     0.106971     0.733982     0.253025  2.22779e-14 -9.62956e-14
       0.724     0.106456     0.734566     0.252414 -4.42151e-15  1.08444e-13
       0.725     0.105941     0.735152     0.251803 -1.87726e-14 -1.22704e-13
       0.726     0.105427     0.735737     0.251191 -5.91668e-15  4.66581e-14
       0.727     0.104913     0.736323     0.250579  2.81551e-14  4.40408e-14
       0.728     0.104401      0.73691     0.249967  6.36229e-16 -1.48601e-13
       0.729      0.10389     0.737497     0.249354 -1.67845e-14  4.54109e-14
        0.73      0.10338     0.738085     0.248741  1.36222e-14   2.9484e-14
       0.731      0.10287     0.738673     0.248127 -1.55661e-14   8.8572e-14
       0.732     0.102362     0.739262     0.247514  1.15357e-14 -7.74492e-14
       0.733     0.101854     0.739851     0.246899 -2.31134e-14 -1.36685e-13
       0.734     0.101348     0.740441     0.246284   2.2298e-14  5.95042e-14
       0.735     0.100842     0.741032     0.245669  1.54653e-14 -4.65249e-14
       0.736     0.100337     0.741622     0.245054 -2.10885e-14  2.36271e-13
       0.737    0.0998335     0.742214     0.244438  6.46749e-15 -9.34714e-14
       0.738    0.0993306     0.742806     0.243821 -4.31957e-15 -6.15666e-14
       0.739    0.0988286     0.743398     0.243204 -9.73689e-15  1.59491e-13
        0.74    0.0983276     0.743992     0.242587  3.16489e-14 -3.52546e-14
       0.741    0.0978274     0.744585     0.241969 -2.75809e-14 -1.73187e-13
       0.742    0.0973282     0.745179     0.241351   1.3272e-14 -4.27477e-14
       0.743    0.0968298     0.745774     0.240732 -3.92355e-15  8.70254e-14
       0.744    0.0963325      0.74637     0.240113 -8.51674e-15   3.9257e-14
       0.745     0.095836     0.746966     0.239494  5.03199e-15 -1.00065e-13
       0.746    0.0953404     0.747562     0.238874 -1.97269e-15  1.53831e-13
       0.747    0.0948458     0.748159     0.238253 -1.31757e-15 -2.11861e-13
       0.748     0.094352     0.748757     0.237632  1.54002e-14  9.79919e-14
       0.749    0.0938592     0.749356     0.237011 -3.96742e-15 -1.85138e-14
        0.75    0.0933673     0.749955     0.236389  -1.1262e-14  4.20835e-14
       0.751    0.0928763     0.750554     0.235767 -9.07064e-15  4.41142e-14
       0.752    0.0923863     0.751155     0.235144  1.81752e-14 -3.37458e-14
       0.753    0.0918971     0.751756      0.23452  8.32738e-15  7.66853e-15
       0.754    0.0914089     0.752357     0.233897 -2.23592e-14 -4.12149e-14
       0.755    0.0909216     0.752959     0.233272 -1.97264e-14  1.08059e-13
       0.756    0.0904351     0.753562     0.232647  3.65122e-14 -5.85338e-14
       0.757    0.0899496     0.754166     0.232022 -1.58853e-14  6.53311e-15
       0.758    0.0894651      0.75477     0.231396 -2.02863e-14  6.09513e-15
       0.759    0.0889814     0.755375      0.23077  1.07799e-14 -5.97383e-14
        0.76    0.0884986      0.75598     0.230143   4.0501e-15  3.01016e-14
       0.761    0.0880168     0.756586     0.229516  1.01444e-15 -9.50618e-14
       0.762    0.0875358     0.757193     0.228888 -7.90506e-15  6.13301e-14
       0.763    0.0870558     0.757801     0.228259   1.0975e-14 -3.62823e-14
       0.764    0.0865766     0.758409      0.22763 -1.72306e-14  1.59616e-13
       0.765    0.0860984     0.759018     0.227001  1.24932e-15 -7.46388e-14
       0.766    0.0856211     0.759628     0.226371  2.03687e-14  1.12676e-13
       0.767    0.0851447     0.760238      0.22574 -9.12071e-16 -1.01289e-13
       0.768    0.0846692     0.760849     0.225109 -1.24507e-14  6.72694e-14
       0.769    0.0841947     0.761461     0.224477  8.01121e-16 -4.48563e-15
        0.77     0.083721     0.762074     0.223845  4.81595e-15 -1.90306e-13
       0.771    0.0832482     0.762687     0.223212 -8.61645e-15  1.21646e-13
       0.772    0.0827764     0.763301     0.222578 -1.74963e-14 -1.56073e-13
       0.773    0.0823054     0.763916     0.221944  1.58001e-14  1.64902e-13
       0.774    0.0818354     0.764532      0.22131  2.71547e-14 -7.29685e-14
       0.775    0.0813662     0.765148     0.220674 -1.82925e-14 -9.36047e-14
       0.776     0.080898     0.765766     0.220038 -6.95999e-16  2.98392e-13
       0.777    0.0804306     0.766384     0.219402 -2.64993e-14 -2.64448e-13
       0.778    0.0799642     0.767002     0.218765   1.1878e-14  6.63671e-14
       0.779    0.0794987     0.767622     0.218127  -6.3006e-15  1.11148e-13
        0.78    0.0790341     0.768242     0.217489  1.88218e-14 -5.76831e-14
       0.781    0.0785704     0.768864      0.21685  1.17134e-14  1.20148e-13
       0.782    0.0781076     0.769486      0.21621 -3.14533e-14 -2.70617e-13
       0.783    0.0776457     0.770109      0.21557  3.36317e-14  2.29676e-13
       0.784    0.0771847     0.770733     0.214929 -2.43896e-14 -2.08885e-14
       0.785    0.0767246     0.771357     0.214288  8.97226e-15 -3.03634e-14
       0.786    0.0762654     0.771983     0.213645 -2.36578e-15  8.81005e-14
       0.787    0.0758071     0.772609     0.213002 -8.17804e-15   -1.126e-13
       0.788    0.0753497     0.773236     0.212359  1.03318e-14  1.24025e-13
       0.789    0.0748932     0.773865     0.211715 -2.37984e-16 -1.07688e-13
        0.79    0.0744377     0.774494      0.21107 -1.28767e-14  1.00842e-13
       0.791     0.073983     0.775124     0.210424  1.25439e-14 -9.72842e-14
       0.792    0.0735292     0.775754     0.209778 -9.45659e-15  3.63933e-14
       0.793    0.0730764     0.776386     0.209131  -1.0435e-14  8.88982e-14
       0.794    0.0726244     0.777019     0.208483   1.6465e-14 -9.46825e-15
       0.795    0.0721733     0.777653     0.207835 -1.75818e-14 -1.08357e-13
       0.796    0.0717232     0.778287     0.207185   3.0287e-14 -1.05761e-13
       0.797    0.0712739     0.778923     0.206536  5.56177e-15  5.74044e-14
       0.798    0.0708255     0.779559     0.205885 -2.78649e-15 -1.01544e-13
       0.799    0.0703781     0.780197     0.205234 -3.16844e-14  8.94785e-14
         0.8    0.0699315     0.780835     0.204581  2.90724e-14  1.10564e-13
       0.801    0.0694859     0.781475     0.203928 -2.07211e-14 -2.98217e-14
       0.802    0.0690411     0.782115     0.203275  9.52662e-15 -2.03098e-14
       0.803    0.0685973     0.782757      0.20262  9.42363e-15 -1.00486e-13
       0.804    0.0681543     0.783399     0.201965 -1.45935e-14  2.99015e-14
       0.805    0.0677123     0.784043     0.201309 -9.58504e-15  1.72244e-13
       0.806    0.0672711     0.784688     0.200652  1.39145e-14 -7.25364e-14
       0.807    0.0668309     0.785333     0.199995 -1.57939e-14  -3.1608e-14
       0.808    0.0663916      0.78598     0.199336 -1.29825e-14 -1.44302e-13
       0.809    0.0659531     0.786628     0.198677  3.38242e-14  1.33539e-13
        0.81    0.0655156     0.787277     0.198017  2.17269e-14  1.19606e-13
       0.811    0.0650789     0.787927     0.197356 -2.66239e-14 -1.80334e-13
       0.812    0.0646432     0.788578     0.196694 -2.08197e-14 -1.12554e-14
       0.813    0.0642084      0.78923     0.196031  2.87334e-14  7.78101e-14
       0.814    0.0637744     0.789884     0.195368   -2.992e-14 -6.10436e-14
       0.815    0.0633414     0.790538     0.194703  9.91052e-15 -5.65917e-15
       0.816    0.0629093     0.791194     0.194038  1.47083e-14 -1.05747e-14
       0.817    0.0624781     0.791851     0.193372 -1.25976e-14  1.35418e-13
       0.818    0.0620477     0.792509     0.192705  7.70067e-15  -1.0397e-13
       0.819    0.0616183     0.793168     0.192037 -5.43977e-15 -9.20974e-14
        0.82    0.0611898     0.793828     0.191368  1.52128e-15  2.00761e-13
       0.821    0.0607622      0.79449     0.190698 -7.11433e-15 -4.64205e-14
       0.822    0.0603355     0.795153     0.190027  6.23824e-15 -9.97637e-14
       0.823    0.0599097     0.795817     0.189356 -3.31713e-15  3.50863e-14
       0.824    0.0594848     0.796482     0.188683 -7.67122e-16  8.67185e-14
       0.825    0.0590608     0.797149     0.188009   5.2532e-15  -5.9769e-15
       0.826    0.0586377     0.797817     0.187335 -2.56802e-15 -1.38677e-13
       0.827    0.0582155     0.798486     0.186659  -3.8603e-15  5.39144e-14
       0.828    0.0577942     0.799157     0.185982 -9.02674e-16   2.5677e-14
       0.829    0.0573738     0.799829     0.185305   4.9108e-15 -2.55834e-14
        0.83    0.0569543     0.800502     0.184626 -8.02968e-15 -1.06654e-13
       0.831    0.0565357     0.801176     0.183946  1.63538e-14  1.77437e-13
       0.832    0.0561181     0.801852     0.183266  4.03229e-15  -6.8748e-14
       0.833    0.0557013     0.802529     0.182584 -1.44696e-14  1.33999e-13
       0.834    0.0552854     0.803208     0.181901  1.26723e-14 -3.23832e-14
       0.835    0.0548705     0.803888     0.181217 -1.95082e-14  5.28364e-14
       0.836    0.0544564      0.80457     0.180532  9.31628e-15 -7.41176e-14
       0.837    0.0540433     0.805253     0.179846  5.91768e-15 -1.63354e-15
       0.838    0.0536311     0.805937     0.179159 -8.69842e-15 -7.42047e-14
       0.839    0.0532198     0.806623      0.17847   7.3968e-15 -1.81071e-13
        0.84    0.0528093      0.80731     0.177781 -2.03863e-14  1.27891e-13
       0.841    0.0523998     0.807999      0.17709  2.26871e-14  2.43689e-13
       0.842    0.0519912      0.80869     0.176398  -1.3031e-14 -6.36083e-14
       0.843    0.0515835     0.809382     0.175705 -1.37265e-14 -1.27834e-13
       0.844    0.0511768     0.810075     0.175011  6.41114e-15  1.13817e-13
       0.845    0.0507709      0.81077     0.174316  4.95304e-15  1.02915e-14
       0.846    0.0503659     0.811467     0.173619  8.72091e-15 -1.78672e-13
       0.847    0.0499619     0.812165     0.172922 -9.41299e-16  5.76427e-14
       0.848    0.0495588     0.812865     0.172222  5.39105e-15  4.64596e-14
       0.849    0.0491565     0.813567     0.171522 -7.69972e-15 -2.75754e-14
        0.85    0.0487552      0.81427     0.170821  3.92634e-15  1.20091e-13
       0.851    0.0483548     0.814975     0.170118 -2.98542e-15 -5.40812e-14
       0.852    0.0479553     0.815681     0.169414 -1.22411e-14 -6.46288e-14
       0.853    0.0475568      0.81639     0.168708  5.18036e-15 -7.81511e-15
       0.854    0.0471591       0.8171     0.168001  3.96256e-15  4.82201e-14
       0.855    0.0467624     0.817812     0.167293  7.66956e-15 -9.89209e-14
       0.856    0.0463666     0.818525     0.166584  1.23547e-15  4.25175e-14
       0.857    0.0459717     0.819241     0.165873 -1.40346e-14 -4.97184e-15
       0.858    0.0455777     0.819958      0.16516 -1.24124e-15  1.87519e-14
       0.859    0.0451846     0.820677     0.164447  6.08253e-15 -3.40556e-14
        0.86    0.0447925     0.821398     0.163731 -6.51253e-15  1.96307e-14
       0.861    0.0444012     0.822121     0.163015  1.70836e-14  1.17417e-13
       0.862    0.0440109     0.822846     0.162297 -2.03261e-14 -1.24123e-13
       0.863    0.0436215     0.823572     0.161577  1.25596e-14   -1.042e-14
       0.864    0.0432331     0.824301     0.160856 -1.16103e-14  2.39613e-14
       0.865    0.0428455     0.825032     0.160134  1.89294e-14  4.31984e-14
       0.866    0.0424589     0.825765     0.159409 -1.96775e-14 -5.24145e-14
       0.867    0.0420732     0.826499     0.158684  1.69071e-15 -7.33634e-14
       0.868    0.0416885     0.827236     0.157957  3.10711e-15  1.53802e-13
       0.869    0.0413046     0.827975     0.157228  1.26001e-14 -1.06393e-13
        0.87    0.0409217     0.828716     0.156497 -1.02182e-14  1.47832e-13
       0.871    0.0405398     0.829459     0.155765 -4.41022e-15 -2.38962e-13
       0.872    0.0401587     0.830205     0.155031 -5.70454e-16  1.09272e-13
       0.873    0.0397786     0.830953     0.154296  1.05793e-14  4.13433e-14
       0.874    0.0393994     0.831702     0.153559 -1.59081e-14  8.00599e-14
       0.875    0.0390211     0.832454      0.15282 -7.75824e-15 -1.86417e-13
       0.876    0.0386438     0.833209     0.152079  2.16042e-14  9.90416e-14
       0.877    0.0382674     0.833966     0.151337  -1.1551e-14  -5.2097e-14
       0.878     0.037892     0.834725     0.150593  1.46196e-14  1.19959e-13
       0.879    0.0375175     0.835486     0.149846 -1.71232e-14 -1.17459e-13
        0.88    0.0371439      0.83625     0.149099  7.27391e-15  3.98153e-14
       0.881    0.0367713     0.837016     0.148349  4.37539e-16  4.44659e-15
       0.882    0.0363996     0.837785     0.147597  1.06738e-14 -1.21997e-14
       0.883    0.0360288     0.838557     0.146843 -7.91587e-15  1.57386e-14
       0.884     0.035659     0.839331     0.146088 -1.35208e-14 -2.61402e-14
       0.885    0.0352902     0.840107      0.14533 -8.84061e-16  8.30302e-14
       0.886    0.0349222     0.840886     0.144571  2.51131e-15  4.77981e-14
       0.887    0.0345553     0.841668     0.143809  4.88753e-15 -4.92444e-14
       0.888    0.0341892     0.842453     0.143046  1.15824e-14 -3.71595e-14
       0.889    0.0338242      0.84324      0.14228 -2.53097e-15 -1.03386e-15
        0.89    0.0334601      0.84403     0.141512 -2.01517e-14  8.53473e-14
       0.891    0.0330969     0.844823     0.140742  5.53762e-15 -2.12335e-13
       0.892    0.0327347     0.845619      0.13997 -1.12546e-14  1.03487e-13
       0.893    0.0323734     0.846418     0.139195  6.77073e-15 -1.95968e-14
       0.894    0.0320131     0.847219     0.138418 -6.48709e-15 -4.17408e-14
       0.895    0.0316538     0.848024     0.137639  3.78169e-15  9.93891e-14
       0.896    0.0312954     0.848832     0.136858  8.03878e-15  2.11324e-15
       0.897     0.030938     0.849643     0.136074 -2.73754e-15 -2.78091e-14
       0.898    0.0305816     0.850457     0.135288  3.65999e-15 -4.49748e-14
       0.899    0.0302261     0.851274       0.1345 -1.22333e-15 -7.35438e-14
         0.9    0.0298716     0.852095     0.133708  6.90012e-15  1.55817e-13
       0.901    0.0295181     0.852918     0.132915 -7.22668e-15 -1.11189e-13
       0.902    0.0291655     0.853746     0.132119 -1.54185e-15   7.4402e-14
       0.903    0.0288139     0.854576      0.13132 -3.86537e-15 -9.16053e-14
       0.904    0.0284633      0.85541     0.130519 -5.89181e-15  1.67155e-14
       0.905    0.0281137     0.856248     0.129714  9.63999e-15  2.01471e-14
       0.906     0.027765     0.857089     0.128908  3.58624e-15 -3.58285e-14
       0.907    0.0274173     0.857934     0.128098 -1.70439e-14  7.72572e-14
       0.908    0.0270706     0.858782     0.127285  9.56559e-15  -6.0697e-14
       0.909    0.0267249     0.859635      0.12647 -8.49222e-15  2.75695e-14
        0.91    0.0263802     0.860491     0.125652  1.04093e-14 -1.12532e-13
       0.911    0.0260365     0.861351     0.124831 -7.27605e-15  1.33906e-13
       0.912    0.0256938     0.862215     0.124006    1.745e-15 -1.65573e-14
       0.913    0.0253521     0.863083     0.123179  7.47779e-15   6.4221e-14
       0.914    0.0250113     0.863955     0.122348 -9.57427e-15 -3.01159e-14
       0.915    0.0246716     0.864832     0.121515  4.16116e-15 -5.91592e-14
       0.916    0.0243329     0.865713     0.120678  -7.2235e-15  1.28026e-13
       0.917    0.0239952     0.866598     0.119837  3.86409e-15 -5.61656e-14
       0.918    0.0236585     0.867487     0.118993  1.93788e-15  -3.3073e-14
       0.919    0.0233228     0.868381     0.118146 -6.47921e-15 -2.06039e-14
        0.92    0.0229881      0.86928     0.117296  8.12376e-16  4.77297e-14
       0.921    0.0226545     0.870184     0.116441   7.0079e-15 -1.08725e-13
       0.922    0.0223218     0.871092     0.115583 -3.76001e-15   1.9506e-13
       0.923    0.0219902     0.872005     0.114721 -3.60772e-15 -1.90272e-13
       0.924    0.0216597     0.872923     0.113856 -2.96101e-15  4.67437e-14
       0.925    0.0213301     0.873847     0.112986  1.98023e-15  7.57376e-14
       0.926    0.0210016     0.874775     0.112113  1.48989e-15 -8.96123e-15
       0.927    0.0206742     0.875709     0.111236           -0 -6.18335e-14
       0.928    0.0203477     0.876648     0.110354  1.83266e-15  5.41265e-15
       0.929    0.0200223     0.877593     0.109468  6.01722e-15  1.63065e-14
        0.93     0.019698     0.878544     0.108578  -1.6769e-15  2.22884e-14
       0.931    0.0193747       0.8795     0.107683   1.6824e-15 -2.05398e-14
       0.932    0.0190525     0.880463     0.106784 -9.11501e-15  1.41608e-14
       0.933    0.0187314     0.881431      0.10588  2.70974e-15 -5.13552e-14
       0.934    0.0184113     0.882406     0.104972  2.88876e-15  7.07464e-14
       0.935    0.0180923     0.883387     0.104058 -5.28554e-15 -8.96011e-14
       0.936    0.0177743     0.884374      0.10314 -3.25056e-15  7.41959e-14
       0.937    0.0174574     0.885369     0.102216  3.94839e-15 -7.27889e-14
       0.938    0.0171417      0.88637     0.101288   -3.273e-15  7.41515e-14
       0.939     0.016827     0.887378     0.100354  1.72864e-15  1.44019e-14
        0.94    0.0165134     0.888393     0.099414  4.68374e-15  1.15581e-14
       0.941    0.0162009     0.889416    0.0984688 -1.04452e-14 -3.07671e-14
       0.942    0.0158895     0.890446    0.0975179  8.73547e-15  3.96818e-14
       0.943    0.0155792     0.891485     0.096561 -8.76697e-16 -3.80645e-14
       0.944      0.01527     0.892531    0.0955981 -4.92736e-15 -2.41392e-14
       0.945     0.014962     0.893585    0.0946289  3.53246e-16  3.24896e-14
       0.946     0.014655     0.894648    0.0936533  1.77277e-16 -5.01885e-14
       0.947    0.0143492      0.89572     0.092671  7.11761e-16 -2.64303e-14
       0.948    0.0140446       0.8968     0.091682 -1.60751e-15 -4.63007e-14
       0.949    0.0137411      0.89789     0.090686 -3.76514e-15  1.34922e-13
        0.95    0.0134387     0.898989    0.0896827  3.77963e-15 -8.24362e-14
       0.951    0.0131375     0.900098     0.088672 -2.52955e-15  7.40974e-14
       0.952    0.0128375     0.901217    0.0876536 -3.62783e-16 -7.43611e-14
       0.953    0.0125386     0.902347    0.0866273    1.639e-15  6.16879e-14
       0.954     0.012241     0.903488    0.0855928 -2.01126e-15 -7.19908e-14
       0.955    0.0119445     0.904639    0.0845499  4.58959e-15 -1.18267e-14
       0.956    0.0116492     0.905802    0.0834983   2.0277e-15  1.33936e-13
       0.957    0.0113551     0.906977    0.0824376 -5.92324e-15 -6.61921e-14
       0.958    0.0110622     0.908164    0.0813675 -1.30115e-15  4.03527e-14
       0.959    0.0107706     0.909365    0.0802878 -3.54669e-15 -6.62162e-14
        0.96    0.0104802     0.910578     0.079198  5.99906e-15 -7.38058e-14
       0.961     0.010191     0.911805    0.0780977  3.01259e-15  1.22436e-13
       0.962   0.00990311     0.913047    0.0769866 -2.64765e-15 -5.17459e-14
       0.963   0.00961646     0.914303    0.0758643 -1.70967e-15  2.50823e-14
       0.964   0.00933109     0.915575    0.0747301  1.90825e-16  3.99119e-14
       0.965   0.00904701     0.916864    0.0735838 -5.17597e-15  1.69764e-14
       0.966   0.00876422     0.918169    0.0724246  2.88895e-15 -3.72333e-14
       0.967   0.00848275     0.919492    0.0712522 -3.09614e-15  6.34239e-15
       0.968   0.00820261     0.920833    0.0700657  1.36108e-15 -6.37679e-14
       0.969   0.00792381     0.922194    0.0688647  2.34467e-15  9.99545e-14
        0.97   0.00764636     0.923575    0.0676483 -1.57088e-15  -1.1908e-13
       0.971   0.00737029     0.924978    0.0664159           -0   3.0766e-14
       0.972    0.0070956     0.926403    0.0651665 -7.93467e-16  3.97761e-14
       0.973   0.00682232     0.927852    0.0638992  5.98216e-16 -8.12555e-16
       0.974   0.00655046     0.929326    0.0626131 -1.40329e-15 -1.86538e-14
       0.975   0.00628004     0.930826    0.0613071 -4.03121e-16 -5.83581e-14
       0.976   0.00601109     0.932355      0.05998  2.83752e-15  8.23734e-14
       0.977   0.00574362     0.933914    0.0586304 -1.42681e-15 -2.06625e-14
       0.978   0.00547767     0.935504    0.0572569  1.02506e-15  5.07582e-14
       0.979   0.00521324     0.937129    0.0558578 -5.15574e-15 -1.23795e-14
        0.98   0.00495038     0.938791    0.0544313  3.73472e-15 -6.84249e-14
       0.981   0.00468911     0.940492    0.0529755  8.35118e-16   2.2904e-14
       0.982   0.00442945     0.942237    0.0514879 -1.26071e-15 -2.65633e-14
       0.983   0.00417146     0.944027    0.0499659 -2.32655e-15 -6.35375e-15
       0.984   0.00391515     0.945868    0.0484065 -1.27766e-15  2.58529e-14
       0.985   0.00366057     0.947765    0.0468063  1.50106e-15 -1.46249e-14
       0.986   0.00340777     0.949722    0.0451611  2.15996e-16  4.18402e-14
       0.987    0.0031568     0.951748    0.0434663 -6.52871e-16  -4.4376e-14
       0.988   0.00290769     0.953849    0.0417161 -1.53531e-15  1.19735e-14
       0.989   0.00266053     0.956036    0.0399038 -2.21124e-16  2.89956e-16
        0.99   0.00241538      0.95832    0.0380209 -7.80569e-16  4.51709e-14
       0.991    0.0021723     0.960717     0.036057  2.25032e-16   -5.882e-14
       0.992    0.0019314     0.963247     0.033999 -2.27182e-16  2.29757e-14
       0.993   0.00169278     0.965934    0.0318295 -2.29496e-16  2.12783e-14
       0.994   0.00145657     0.968814    0.0295254  3.48018e-16 -2.44579e-14
       0.995   0.00122292     0.971938    0.0270538 -4.69565e-16  3.93167e-16
       0.996  0.000992022     0.975383    0.0243663 -5.94725e-16 -2.30172e-14
       0.997  0.000764144     0.979278    0.0213854 -4.82942e-16 -1.13438e-14
       0.998  0.000539644     0.983874    0.0179715  2.45789e-16  6.65997e-15
       0.999  0.000319089     0.989787    0.0138193 -6.28749e-16 -7.35048e-14
           1  0.000103542            1   0.00787203 -8.06805e-13  -8.2371e-09